00000000000000000000000000000001
00000000100000010000000000011011
00000000000000000000000000000010
00000000100000100000000000011001
00000000000000000000000000000011
00000000000000000000000000000110
00000000100001100000000000011010
00000000000000000000000000000100
00000000100001000000000000011011
00000000000000000000000000000101
00000000100001010000000000011000
00000001000011100000000000001011
00000000000000000000000000000111
00000000011000100000000000000111
00000000011111110000000000000111
00000001001110000000000000000001
00000000001010110000000000000011
00000000001011010000000000000101
00000000000000000000000000000111
00000000100001110000000000011011
00000000000011110000000000000001
00000000001001000000000000000100
00000001000000001111111111110100
00000001100000000000000000000000
00000000000000000111111111111110
00000000000000000010100010001111
00000000000000000000000000001111
00000000000000000000000000000001
00000000000000000000000000000000
